# fttDataWindowsB calibration, run 23081049
# run 23081049 firstEventDate 20220322 firstEventTime 221359
# input /star/data21/reco/production_pp500_2022/ReversedFullField/DEV_fwd_test2/2022/081/23081049/st_fwd_23081049_raw_5500015.MuDst.root nFiles 1 eventsRead 200 rawHits 2140585 stop converged
# window min -65 max 100 (dbcid ticks relative to anchor), minPeak 200, goodFrac 0.950
# conventions (production, NOT the stale idl comments): uuid = StFttDb::vmmId() 0..383; mode 0 = calibrated time
# cols 1-5 -> DB: uuid mode min max anchor   (anchor -1 = no usable calibration, use on-the-fly anchor)
# cols 6+  QA only, ignored by fttDataWindow_db.C: status nHits sig bkgPerBin sigFrac orient sugMin sugMax
# status 0=ok 1=lowstat(<50 hits) 2=rejected(sig<200 or inWin fraction < 0.70 x median 0.582) 3=nohits 4=anchor taken from FOB median 5=own anchor kept, agrees with FOB within 20 ticks but low in-window fraction (noisy); orient 0=H 1=V 2=dH 3=dV 4=unknown
  0 0  -65  100   528  0      2575    1516.0    0.000  0.589 0  -81  227
  1 0  -65  100   527  0      4908    2906.0    0.000  0.592 0 -124  221
  2 0  -65  100   527  0      5871    3436.0    0.000  0.585 0 -137  222
  3 0  -65  100   527  0      8687    4759.0    0.000  0.548 0 -204  209
  4 0  -65  100   533  0      5586    3243.0    0.000  0.581 1 -123  223
  5 0  -65  100   533  0      4487    2543.0    0.000  0.567 1 -125  230
  6 0  -65  100   533  0      2880    1635.0    0.000  0.568 1  -93  230
  7 0  -65  100   533  0      3451    2064.0    0.000  0.598 1  -80  226
  8 0  -65  100   543  0      6814    3830.0    0.000  0.562 2 -149  217
  9 0  -65  100   543  0      7914    4735.0    0.000  0.598 2 -179  210
 10 0  -65  100   543  0      8410    4792.0    0.000  0.570 2 -209  210
 11 0  -65  100   543  0      5788    3176.0    0.000  0.549 2 -128  217
 12 0  -65  100   563  0      3448    1927.0    0.000  0.559 3  -78  230
 13 0  -65  100   563  0      7230    4236.0    0.000  0.586 3 -149  218
 14 0  -65  100   563  0      6327    3640.0    0.000  0.575 3 -132  221
 15 0  -65  100   563  0      2995    1565.0    0.000  0.523 3  -76  228
 16 0  -65  100   537  0      3142    1803.0    0.000  0.574 0  -86  226
 17 0  -65  100   537  0      3111    1780.0    0.000  0.572 0  -76  222
 18 0  -65  100   537  0      6319    3657.0    0.000  0.579 0 -131  221
 19 0  -65  100   537  0      5733    3383.0    0.000  0.590 0 -141  222
 20 0  -65  100   520  0      6567    3700.0    0.000  0.563 1 -137  218
 21 0  -65  100   520  0      5426    3140.0    0.000  0.579 1 -132  222
 22 0  -65  100   520  0      4648    2604.0    0.000  0.560 1 -136  218
 23 0  -65  100   520  0      2688    1551.0    0.000  0.577 1  -94  221
 24 0  -65  100  3405  0      2465    1440.0    0.000  0.584 1  -86  226
 25 0  -65  100  3405  0      4089    2360.0    0.000  0.577 1 -119  221
 26 0  -65  100  3405  0      6100    3585.0    0.000  0.588 1 -145  217
 27 0  -65  100  3405  0      8909    5124.0    0.000  0.575 1 -222  204
 28 0  -65  100  3389  0      5020    2827.0    0.000  0.563 0 -128  222
 29 0  -65  100  3389  0      6359    3722.0    0.000  0.585 0 -150  217
 30 0  -65  100  3389  0      3153    1853.0    0.000  0.588 0  -82  226
 31 0  -65  100  3389  0      3790    2215.0    0.000  0.584 0 -123  221
 32 0  -65  100  3383  0      8882    5150.0    0.000  0.580 3 -191  212
 33 0  -65  100  3383  0      7381    4328.0    0.000  0.586 3 -161  218
 34 0  -65  100  3383  0      7758    4557.0    0.000  0.587 3 -184  213
 35 0  -65  100  3383  0      4645    2703.0    0.000  0.582 3  -88  222
 36 0  -65  100  3397  0      4027    2266.0    0.000  0.563 2  -85  225
 37 0  -65  100  3399  0      8086    4826.0    0.000  0.597 2 -183  214
 38 0  -65  100  3400  0      7456    4319.0    0.000  0.579 2 -170  213
 39 0  -65  100  3397  0      4898    2829.0    0.000  0.578 2  -89  222
 40 0  -65  100  3393  0      4746    2812.0    0.000  0.592 1 -110  221
 41 0  -65  100  3393  0      3274    1948.0    0.000  0.595 1  -89  222
 42 0  -65  100  3393  0      7688    4575.0    0.000  0.595 1 -179  213
 43 0  -65  100  3393  0      5625    3286.0    0.000  0.584 1 -145  217
 44 0  -65  100  3386  0      7526    4231.0    0.000  0.562 0 -182  217
 45 0  -65  100  3386  0      7109    4205.0    0.000  0.592 0 -149  218
 46 0  -65  100  3386  0      5370    3157.0    0.000  0.588 0 -137  218
 47 0  -65  100  3386  0      2512    1453.0    0.000  0.578 0 -102  222
 48 0  -65  100  1076  0      3364    1960.0    0.000  0.583 0  -89  223
 49 0  -65  100  1076  0      5285    3006.0    0.000  0.569 0 -140  222
 50 0  -65  100  1076  0      8222    4752.0    0.000  0.578 0 -200  216
 51 0  -65  100  1076  0      9267    5081.7    0.002  0.548 0 -247  196
 52 0  -65  100  1070  0      6973    4099.0    0.000  0.588 1 -192  215
 53 0  -65  100  1070  0      9033    4828.0    0.000  0.534 1 -243  200
 54 0  -65  100  1070  0      7301    3926.0    0.000  0.538 1 -242  219
 55 0  -65  100  1070  0      5566    3197.9    0.000  0.575 1 -146  217
 56 0  -65  100  1059  0      5976    3560.0    0.000  0.596 2 -112  225
 57 0  -65  100  1059  0      8182    4665.0    0.000  0.570 2 -200  213
 58 0  -65  100  1059  0      9015    5019.0    0.000  0.557 2 -235  209
 59 0  -65  100  1059  0      7060    4073.0    0.000  0.577 2 -136  222
 60 0  -65  100  1082  0      5412    3160.0    0.000  0.584 3 -123  222
 61 0  -65  100  1083  0      8138    4878.0    0.000  0.599 3 -201  213
 62 0  -65  100  1082  0      8414    4750.0    0.000  0.565 3 -210  213
 63 0  -65  100  1082  0      8406    4846.0    0.000  0.576 3 -175  217
 64 0  -65  100  1079  0      3637    2076.0    0.000  0.571 0 -123  223
 65 0  -65  100  1079  0      3644    2194.0    0.000  0.602 0  -97  225
 66 0  -65  100  1079  0      6627    3882.0    0.000  0.586 0 -142  218
 67 0  -65  100  1079  0      6338    3778.9    0.000  0.596 0 -152  214
 68 0  -65  100  1057  0      9151    4884.0    0.000  0.534 1 -227  200
 69 0  -65  100  1057  0      7202    4366.0    0.000  0.606 1 -167  217
 70 0  -65  100  1057  0      4003    2295.0    0.000  0.573 1 -108  226
 71 0  -65  100  1057  0      2973    1712.0    0.000  0.576 1 -101  226
 72 0  -65  100   668  0      2876    1623.0    0.000  0.564 1  -98  226
 73 0  -65  100   668  0      4587    2731.0    0.000  0.595 1 -132  221
 74 0  -65  100   668  0      6646    3964.0    0.000  0.596 1 -132  221
 75 0  -65  100   668  0      8759    5133.9    0.000  0.586 1 -205  208
 76 0  -65  100   680  0      5087    2998.0    0.000  0.589 0 -122  221
 77 0  -65  100   680  0      6140    3678.0    0.000  0.599 0 -109  222
 78 0  -65  100   680  0      3078    1796.0    0.000  0.583 0 -102  222
 79 0  -65  100   680  0      3891    2296.0    0.000  0.590 0 -109  221
 80 0  -65  100   701  0      5563    3292.0    0.000  0.592 3 -110  225
 81 0  -65  100   701  0      7544    4548.0    0.000  0.603 3 -178  213
 82 0  -65  100   701  0      8682    5096.9    0.000  0.587 3 -204  209
 83 0  -65  100   701  0      6139    3631.0    0.000  0.591 3 -128  221
 84 0  -65  100   675  0      4166    2409.0    0.000  0.578 2  -93  226
 85 0  -65  100   675  0      7121    4291.0    0.000  0.603 2 -145  218
 86 0  -65  100   675  0      6150    3756.0    0.000  0.611 2 -123  222
 87 0  -65  100   675  0      6720    4047.0    0.000  0.602 2 -132  218
 88 0  -65  100   689  0      3633    2088.0    0.000  0.575 1 -128  222
 89 0  -65  100   689  0      3238    1846.0    0.000  0.570 1  -99  225
 90 0  -65  100   689  0      6165    3654.0    0.000  0.593 1 -140  221
 91 0  -65  100   689  0      6006    3539.0    0.000  0.589 1 -150  217
 92 0  -65  100   674  0      7968    4779.0    0.000  0.600 0 -158  217
 93 0  -65  100   674  0      5019    2958.0    0.000  0.589 0 -120  218
 94 0  -65  100   674  0      3542    2085.0    0.000  0.589 0 -123  222
 95 0  -65  100   674  0      2239    1319.0    0.000  0.589 0  -76  226
 96 0  -65  100    25  0      2517    1446.0    0.000  0.574 0  -77  222
 97 0  -65  100    25  0      3972    2367.0    0.000  0.596 0  -89  222
 98 0  -65  100    25  0      6060    3481.0    0.000  0.574 0 -162  221
 99 0  -65  100    25  0      5669    3171.0    0.000  0.559 0 -133  221
100 0  -65  100    -1  3         0       0.0    0.000  0.000 4  -65  100
101 0  -65  100    -1  3         0       0.0    0.000  0.000 4  -65  100
102 0  -65  100    -1  3         0       0.0    0.000  0.000 4  -65  100
103 0  -65  100    -1  3         0       0.0    0.000  0.000 4  -65  100
104 0  -65  100  4081  0      2701    1551.0    0.000  0.574 2 -102  225
105 0  -65  100  4081  0      6952    4027.0    0.000  0.579 2 -149  218
106 0  -65  100  4081  0      7721    4561.0    0.000  0.591 2 -178  218
107 0  -65  100  4081  0      2231    1191.0    0.000  0.534 2  -72  229
108 0  -65  100    -1  3         0       0.0    0.000  0.000 4  -65  100
109 0  -65  100    -1  3         0       0.0    0.000  0.000 4  -65  100
110 0  -65  100    -1  3         0       0.0    0.000  0.000 4  -65  100
111 0  -65  100    -1  3         0       0.0    0.000  0.000 4  -65  100
112 0  -65  100  3790  0      3006    1742.0    0.000  0.580 0  -77  226
113 0  -65  100  3790  0      2786    1489.0    0.000  0.534 0  -78  229
114 0  -65  100  3789  0      5909    3369.0    0.000  0.570 0 -130  222
115 0  -65  100  3789  0      5561    3246.0    0.000  0.584 0 -137  221
116 0  -65  100    -1  3         0       0.0    0.000  0.000 4  -65  100
117 0  -65  100    -1  3         0       0.0    0.000  0.000 4  -65  100
118 0  -65  100    -1  3         0       0.0    0.000  0.000 4  -65  100
119 0  -65  100    -1  3         0       0.0    0.000  0.000 4  -65  100
120 0  -65  100  1851  0      2707    1582.0    0.000  0.584 1  -97  218
121 0  -65  100  1851  0      5194    3084.0    0.000  0.594 1 -164  214
122 0  -65  100  1851  0      6572    3915.0    0.000  0.596 1 -149  212
123 0  -65  100  1851  0      9147    4972.0    0.000  0.544 1 -244  193
124 0  -65  100  1863  0      5132    3027.0    0.000  0.590 0 -111  222
125 0  -65  100  1863  0      6448    3676.0    0.000  0.570 0 -131  217
126 0  -65  100  1863  0      3228    1908.0    0.000  0.591 0  -98  221
127 0  -65  100  1863  0      3836    2175.0    0.000  0.567 0 -109  221
128 0  -65  100  1848  0       395     222.0    0.000  0.562 3  -59  226
129 0  -65  100    -1  2       395      38.7    0.098  0.098 3  -65  100
130 0  -65  100  1848  0       475     243.0    0.000  0.512 3  -63  230
131 0  -65  100    -1  2       234     127.0    0.000  0.543 3  -65  100
132 0  -65  100  1844  0      1699    1027.0    0.000  0.604 2  -61  226
133 0  -65  100  1844  0      6324    3788.0    0.000  0.599 2 -123  221
134 0  -65  100  1844  0      6883    3941.9    0.000  0.573 2 -149  217
135 0  -65  100  1844  0      3290    1940.0    0.000  0.590 2  -84  222
136 0  -65  100  1831  0      4239    2402.0    0.000  0.567 1  -94  226
137 0  -65  100  1831  0      3758    2164.0    0.000  0.576 1  -82  230
138 0  -65  100  1831  0      8087    4837.0    0.000  0.598 1 -175  217
139 0  -65  100  1831  0      5649    3263.0    0.000  0.578 1 -120  221
140 0  -65  100  1864  0      4728    2880.0    0.000  0.609 0  -89  226
141 0  -65  100  1864  0      5127    3042.0    0.000  0.593 0 -107  226
142 0  -65  100  1864  0      5228    3033.9    0.000  0.580 0 -200  226
143 0  -65  100  1864  0      1877    1090.0    0.000  0.581 0  -67  226
144 0  -65  100   763  0      2616    1532.0    0.000  0.586 0  -86  225
145 0  -65  100   763  0      4630    2640.0    0.000  0.570 0 -146  222
146 0  -65  100   763  0      8570    4826.0    0.000  0.563 0 -225  213
147 0  -65  100   763  0      9123    5059.7    0.002  0.555 0 -225  201
148 0  -65  100   759  0      5608    3388.0    0.000  0.604 1  -96  226
149 0  -65  100   760  0      8437    4924.0    0.000  0.584 1 -184  216
150 0  -65  100   759  0      4316    2510.0    0.000  0.582 1 -115  223
151 0  -65  100   759  0      4212    2388.0    0.000  0.567 1  -98  225
152 0  -65  100   774  0      5589    3294.0    0.000  0.589 2 -102  225
153 0  -65  100   774  0      7468    4371.0    0.000  0.585 2 -187  218
154 0  -65  100   774  0      8973    5028.0    0.000  0.560 2 -238  209
155 0  -65  100   774  0      7092    4083.0    0.000  0.576 2 -149  218
156 0  -65  100   767  0      5227    3076.0    0.000  0.588 3 -110  222
157 0  -65  100   767  0      8720    4920.0    0.000  0.564 3 -238  205
158 0  -65  100   767  0      8263    4721.0    0.000  0.571 3 -201  210
159 0  -65  100   767  0      9228    5029.0    0.000  0.545 3 -235  196
160 0  -65  100   774  0      3323    1803.0    0.000  0.543 0 -123  226
161 0  -65  100   774  0      3365    1909.0    0.000  0.567 0  -97  226
162 0  -65  100   774  0      6606    3949.0    0.000  0.598 0 -180  218
163 0  -65  100   774  0      5144    3114.9    0.000  0.606 0 -102  225
164 0  -65  100   782  0      9279    4931.0    0.000  0.531 1 -243  192
165 0  -65  100   782  0      6353    3789.0    0.000  0.596 1 -156  222
166 0  -65  100   782  0      4130    2323.0    0.000  0.562 1 -137  225
167 0  -65  100   782  0      2511    1396.0    0.000  0.556 1  -98  226
168 0  -65  100   296  0      2608    1576.0    0.000  0.604 1  -90  227
169 0  -65  100   296  0      4607    2752.0    0.000  0.597 1 -116  222
170 0  -65  100   296  0      8475    5017.9    0.000  0.592 1 -216  209
171 0  -65  100   296  0      9088    5023.0    0.000  0.553 1 -229  196
172 0  -65  100   318  0      5442    3221.8    0.001  0.592 0 -150  213
173 0  -65  100   313  0      7180    4404.0    0.000  0.613 0 -154  209
174 0  -65  100   312  0      3401    2068.0    0.000  0.608 0  -97  218
175 0  -65  100   312  0      4079    2469.0    0.000  0.605 0 -118  212
176 0  -65  100   303  0      5261    3097.0    0.000  0.589 3 -114  223
177 0  -65  100   303  0      7634    4673.0    0.000  0.612 3 -171  217
178 0  -65  100    -1  2      8387    1241.2    0.011  0.148 3  -65  100
179 0  -65  100   303  0      6538    3831.0    0.000  0.586 3 -128  221
180 0  -65  100   279  0      4962    2940.0    0.000  0.593 2  -97  226
181 0  -65  100   279  0      6514    3966.0    0.000  0.609 2 -123  222
182 0  -65  100   279  0      6973    4131.0    0.000  0.592 2 -157  221
183 0  -65  100   279  0      7136    4084.0    0.000  0.572 2 -150  221
184 0  -65  100   288  0      3552    2064.0    0.000  0.581 1 -125  222
185 0  -65  100   288  0      3075    1772.0    0.000  0.576 1  -87  225
186 0  -65  100   288  0      6527    3930.0    0.000  0.602 1 -128  218
187 0  -65  100   288  0      5920    3411.0    0.000  0.576 1 -149  218
188 0  -65  100   286  0      8789    5134.0    0.000  0.584 0 -196  210
189 0  -65  100   286  0      5362    3236.0    0.000  0.604 0 -115  222
190 0  -65  100   286  0      4199    2520.0    0.000  0.600 0 -115  225
191 0  -65  100   286  0      2259    1292.0    0.000  0.572 0  -76  226
192 0  -65  100  3348  0      2664    1520.0    0.000  0.571 0  -77  226
193 0  -65  100  3348  0      4467    2634.0    0.000  0.590 0 -119  222
194 0  -65  100  3348  0      6829    3891.0    0.000  0.570 0 -158  218
195 0  -65  100  3348  0      9226    4721.0    0.000  0.512 0 -251  193
196 0  -65  100  3324  0      6479    3734.0    0.000  0.576 1 -158  217
197 0  -65  100  3324  0      5963    3493.9    0.000  0.586 1 -140  218
198 0  -65  100  3324  0      3334    1930.0    0.000  0.579 1 -107  222
199 0  -65  100  3324  0      3460    2078.0    0.000  0.601 1 -123  222
200 0  -65  100    -1  2      7392    1771.7    1.899  0.240 2  -65  100
201 0  -65  100  3346  0      8263    4704.0    0.000  0.569 2 -209  217
202 0  -65  100  3346  0      7671    4392.0    0.000  0.573 2 -162  218
203 0  -65  100  3346  0      6194    3511.8    0.001  0.567 2 -140  222
204 0  -65  100  3312  0      4044    2231.0    0.000  0.552 3  -85  226
205 0  -65  100  3312  0      7897    4673.0    0.000  0.592 3 -180  217
206 0  -65  100  3312  0      7222    4048.0    0.000  0.561 3 -162  212
207 0  -65  100  3312  0      3201    1764.0    0.000  0.551 3  -77  225
208 0  -65  100  3313  0      3430    1964.0    0.000  0.573 0 -107  225
209 0  -65  100  3313  0      3080    1726.0    0.000  0.560 0  -81  225
210 0  -65  100    -1  2      7644    1134.0    1.217  0.148 0  -65  100
211 0  -65  100  3313  0      5282    3094.0    0.000  0.586 0 -128  218
212 0  -65  100  3336  0      6893    3802.0    0.000  0.552 1 -158  221
213 0  -65  100  3336  0      5717    3373.0    0.000  0.590 1 -137  221
214 0  -65  100  3336  0      4503    2583.0    0.000  0.574 1 -120  218
215 0  -65  100  3336  0      2525    1435.0    0.000  0.568 1 -179  222
216 0  -65  100  2950  0      2571    1485.0    0.000  0.578 1  -81  226
217 0  -65  100  2950  0      4147    2443.0    0.000  0.589 1  -99  222
218 0  -65  100  2950  0      6461    3785.0    0.000  0.586 1 -140  218
219 0  -65  100  2950  0      9171    5013.0    0.000  0.547 1 -230  196
220 0  -65  100  2944  0      5745    3394.0    0.000  0.591 0 -124  221
221 0  -65  100  2944  0      5662    3287.0    0.000  0.581 0  -86  225
222 0  -65  100  2944  0      3130    1783.0    0.000  0.570 0  -86  227
223 0  -65  100  2944  0      3594    2059.0    0.000  0.573 0  -90  226
224 0  -65  100  2952  0      8293    4878.0    0.000  0.588 3 -170  214
225 0  -65  100  2952  0      7521    4463.0    0.000  0.593 3 -158  217
226 0  -65  100  2952  0      8344    4837.0    0.000  0.580 3 -209  209
227 0  -65  100  2952  0      5000    2937.0    0.000  0.587 3  -90  222
228 0  -65  100  2920  0      6854    3933.0    0.000  0.574 2 -123  223
229 0  -65  100  2920  0      8810    5266.0    0.000  0.598 2 -192  213
230 0  -65  100  2920  0      8058    4685.0    0.000  0.581 2 -180  217
231 0  -65  100  2920  0      4997    2847.0    0.000  0.570 2  -99  225
232 0  -65  100  2971  0      4392    2500.0    0.000  0.569 1 -103  226
233 0  -65  100  2971  0      4471    2489.0    0.000  0.557 1 -105  222
234 0  -65  100  2971  0      8586    5144.0    0.000  0.599 1 -205  213
235 0  -65  100  2971  0      6625    3986.0    0.000  0.602 1 -180  217
236 0  -65  100  1173  0      9147    4917.9    0.000  0.538 0 -227  204
237 0  -65  100  1173  0      8989    5090.0    0.000  0.566 0 -235  204
238 0  -65  100  1173  0      5820    3480.0    0.000  0.598 0 -123  222
239 0  -65  100  1173  0      3009    1609.0    0.000  0.535 0  -82  221
240 0  -65  100  1464  0      3279    1854.0    0.000  0.565 0  -97  225
241 0  -65  100  1463  0      5745    3315.0    0.000  0.577 0 -134  218
242 0  -65  100  1463  0      8794    4956.0    0.000  0.564 0 -218  213
243 0  -65  100  1463  0      9314    4781.0    0.000  0.513 0 -256  196
244 0  -65  100  1464  0      5386    3262.0    0.000  0.606 1  -98  222
245 0  -65  100  1464  0      8973    5037.0    0.000  0.561 1 -241  205
246 0  -65  100  1464  0      3440    1973.0    0.000  0.574 1  -94  222
247 0  -65  100  1464  0      5039    2897.0    0.000  0.575 1 -111  219
248 0  -65  100  1456  0      6514    3799.0    0.000  0.583 2 -123  221
249 0  -65  100  1456  0      7867    4629.0    0.000  0.588 2 -188  214
250 0  -65  100  1456  0      9088    4848.0    0.000  0.533 2 -244  205
251 0  -65  100  1456  0      8406    4988.0    0.000  0.593 2 -180  212
252 0  -65  100  1442  0      6530    3825.0    0.000  0.586 3 -125  221
253 0  -65  100  1442  0      7839    4598.0    0.000  0.587 3 -192  217
254 0  -65  100  1442  0      7877    4491.0    0.000  0.570 3 -188  214
255 0  -65  100  1442  0      9150    5159.8    0.001  0.564 3 -222  197
256 0  -65  100  1435  0      3687    2060.0    0.000  0.559 0 -119  222
257 0  -65  100  1435  0      4041    2264.0    0.000  0.560 0 -112  222
258 0  -65  100  1435  0      6781    4015.0    0.000  0.592 0 -167  217
259 0  -65  100  1435  0      5726    3464.0    0.000  0.605 0 -111  221
260 0  -65  100  1445  0      9275    4916.0    0.000  0.530 1 -255  197
261 0  -65  100  1445  0      6116    3606.0    0.000  0.590 1 -133  222
262 0  -65  100  1445  0      3446    1925.0    0.000  0.559 1  -98  226
263 0  -65  100  1445  0      2187    1217.0    0.000  0.556 1  -85  230
264 0  -65  100  2843  0      2715    1591.0    0.000  0.586 1  -77  230
265 0  -65  100  2843  0      3881    2312.0    0.000  0.596 1 -103  227
266 0  -65  100  2843  0      7718    4679.0    0.000  0.606 1 -167  217
267 0  -65  100  2843  0      9194    4981.0    0.000  0.542 1 -231  196
268 0  -65  100  2859  0      4327    2534.0    0.000  0.586 0 -112  222
269 0  -65  100  2859  0      6071    3744.0    0.000  0.617 0 -119  222
270 0  -65  100  2859  0      3038    1830.0    0.000  0.602 0 -110  226
271 0  -65  100  2859  0      3320    1938.9    0.000  0.584 0 -123  221
272 0  -65  100  2830  0      7351    4276.0    0.000  0.582 3 -153  214
273 0  -65  100  2830  0      8156    4842.0    0.000  0.594 3 -213  209
274 0  -65  100  2830  0      8649    5169.0    0.000  0.598 3 -212  205
275 0  -65  100  2830  0      7376    4372.0    0.000  0.593 3 -149  213
276 0  -65  100  2849  0      3310    1930.0    0.000  0.583 2  -73  226
277 0  -65  100  2849  0      6840    4094.0    0.000  0.599 2 -158  221
278 0  -65  100  2849  0      6612    3945.9    0.000  0.597 2 -162  219
279 0  -65  100  2849  0      3404    1964.9    0.000  0.577 2  -78  225
280 0  -65  100  2833  0      3675    2192.0    0.000  0.596 1 -105  222
281 0  -65  100  2833  0      3340    2049.0    0.000  0.613 1  -98  226
282 0  -65  100  2833  0      6545    3955.0    0.000  0.604 1 -141  221
283 0  -65  100  2833  0      5796    3444.0    0.000  0.594 1 -162  218
284 0  -65  100  2849  0      6306    3740.0    0.000  0.593 0 -132  221
285 0  -65  100  2849  0      5229    3099.0    0.000  0.593 0 -141  222
286 0  -65  100  2849  0      3589    2121.0    0.000  0.591 0 -107  221
287 0  -65  100  2849  0      2085    1243.0    0.000  0.596 0  -88  227
288 0  -65  100  2518  0      2867    1689.0    0.000  0.589 0  -85  222
289 0  -65  100  2518  0      3744    2227.9    0.000  0.595 0 -102  222
290 0  -65  100  2518  0      6619    3872.0    0.000  0.585 0 -153  218
291 0  -65  100  2518  0      9294    4627.0    0.000  0.498 0 -257  187
292 0  -65  100  2542  0      5395    3194.0    0.000  0.592 1 -128  222
293 0  -65  100  2542  0      5111    2875.0    0.000  0.563 1 -102  226
294 0  -65  100  2542  0      2904    1728.0    0.000  0.595 1  -81  226
295 0  -65  100  2542  0      3014    1826.0    0.000  0.606 1  -98  223
296 0  -65  100  2542  0      8348    4839.0    0.000  0.580 2 -178  213
297 0  -65  100  2542  0      7679    4456.9    0.000  0.580 2 -196  213
298 0  -65  100  2542  0      7581    4370.0    0.000  0.576 2 -182  214
299 0  -65  100  2542  0      6690    3874.0    0.000  0.579 2 -136  217
300 0  -65  100  2524  0      3436    1878.0    0.000  0.547 3  -73  229
301 0  -65  100  2524  0      7463    4360.0    0.000  0.584 3 -161  219
302 0  -65  100  2524  0      6531    3817.0    0.000  0.584 3 -140  221
303 0  -65  100  2524  0      3695    2057.0    0.000  0.557 3  -94  226
304 0  -65  100  2513  0      3852    2255.0    0.000  0.585 0 -107  226
305 0  -65  100  2513  0      3657    2054.0    0.000  0.562 0 -123  226
306 0  -65  100  2513  0      7360    4308.0    0.000  0.585 0 -158  217
307 0  -65  100  2513  0      5158    3040.0    0.000  0.589 0 -130  222
308 0  -65  100  2516  0      6511    3685.0    0.000  0.566 1 -125  221
309 0  -65  100  2516  0      6198    3673.0    0.000  0.593 1 -132  219
310 0  -65  100  2516  0      4462    2560.0    0.000  0.574 1 -129  222
311 0  -65  100  2516  0      2419    1398.0    0.000  0.578 1  -77  222
312 0  -65  100  1585  0      3203    1883.0    0.000  0.588 1 -132  219
313 0  -65  100    -1  2      4279    1157.0    0.000  0.270 1  -65  100
314 0  -65  100  1585  0      6627    3974.0    0.000  0.600 1 -153  213
315 0  -65  100  1585  0      9312    4616.0    0.000  0.496 1 -269  179
316 0  -65  100  1592  0      5830    3341.8    0.001  0.573 0 -140  221
317 0  -65  100  1592  0      6162    3576.0    0.000  0.580 0 -128  222
318 0  -65  100  1592  0      3427    2009.0    0.000  0.586 0 -132  222
319 0  -65  100  1592  0      3455    2012.0    0.000  0.582 0 -125  225
320 0  -65  100  1578  0      8760    5041.0    0.000  0.575 3 -214  209
321 0  -65  100  1578  0      7718    4594.0    0.000  0.595 3 -166  213
322 0  -65  100  1578  0      8386    4829.7    0.002  0.576 3 -205  209
323 0  -65  100  1578  0      5980    3639.0    0.000  0.609 3 -114  217
324 0  -65  100  1599  0      8379    4890.0    0.000  0.584 2 -179  216
325 0  -65  100  1599  0      9191    5033.9    0.000  0.548 2 -260  205
326 0  -65  100  1599  0      7651    4472.0    0.000  0.584 2 -162  219
327 0  -65  100  1599  0      6154    3632.0    0.000  0.590 2 -125  218
328 0  -65  100    -1  2      4301     476.3    1.100  0.111 1  -65  100
329 0  -65  100  1594  0      4147    2388.0    0.000  0.576 1  -94  226
330 0  -65  100  1594  0      6784    4063.0    0.000  0.599 1 -124  222
331 0  -65  100  1594  0      5820    3425.0    0.000  0.588 1 -127  221
332 0  -65  100  1576  0      9351    4347.8    0.001  0.465 0 -274  187
333 0  -65  100  1576  0      8798    5112.9    0.000  0.581 0 -217  210
334 0  -65  100  1576  0      5031    2949.0    0.000  0.586 0 -106  226
335 0  -65  100  1576  0      2857    1654.0    0.000  0.579 0  -82  222
336 0  -65  100   797  0      3038    1747.0    0.000  0.575 0  -97  223
337 0  -65  100   797  0      5623    3371.0    0.000  0.600 0 -110  218
338 0  -65  100   797  0      8969    5021.0    0.000  0.560 0 -221  209
339 0  -65  100   797  0      9373    4524.9    0.000  0.483 0 -273  183
340 0  -65  100   808  0      5872    3550.0    0.000  0.605 1 -139  218
341 0  -65  100   808  0      9101    4893.9    0.000  0.538 1 -237  204
342 0  -65  100   808  0      4468    2596.0    0.000  0.581 1 -111  218
343 0  -65  100   808  0      5461    3174.0    0.000  0.581 1 -141  217
344 0  -65  100   706  0      6654    3934.0    0.000  0.591 2 -137  217
345 0  -65  100   706  0      8536    5060.0    0.000  0.593 2 -197  209
346 0  -65  100   705  0      9330    4729.0    0.000  0.507 2 -268  188
347 0  -65  100   706  0      8508    4945.0    0.000  0.581 2 -188  205
348 0  -65  100   789  0      5582    3171.0    0.000  0.568 3 -107  226
349 0  -65  100   789  0      8513    4952.0    0.000  0.582 3 -206  214
350 0  -65  100   789  0      8273    4684.0    0.000  0.566 3 -197  217
351 0  -65  100   789  0      9120    5140.9    0.000  0.564 3 -217  205
352 0  -65  100   792  0      3396    1939.0    0.000  0.571 0  -99  222
353 0  -65  100   792  0      3849    2225.0    0.000  0.578 0 -111  223
354 0  -65  100   792  0      7784    4644.0    0.000  0.597 0 -189  213
355 0  -65  100   792  0      6066    3644.0    0.000  0.601 0 -150  217
356 0  -65  100   793  0      9335    4470.0    0.000  0.479 1 -265  179
357 0  -65  100    -1  2      7496    2155.3    0.016  0.288 1  -65  100
358 0  -65  100   793  0      3512    2036.0    0.000  0.580 1  -98  222
359 0  -65  100   793  0      2494    1425.0    0.000  0.571 1  -97  225
360 0  -65  100  2438  0      2914    1503.0    0.000  0.516 1  -51  240
361 0  -65  100  2460  0      5794    3531.0    0.000  0.609 1 -127  217
362 0  -65  100  2460  0      7833    4802.0    0.000  0.613 1 -175  216
363 0  -65  100  2460  0      9285    4774.0    0.000  0.514 1 -251  192
364 0  -65  100  2475  0      5192    3072.0    0.000  0.592 0 -137  222
365 0  -65  100  2475  0      6322    3783.0    0.000  0.598 0 -112  225
366 0  -65  100  2475  0      3417    1957.8    0.001  0.573 0  -98  225
367 0  -65  100  2475  0      4227    2532.0    0.000  0.599 0 -111  223
368 0  -65  100  2502  0      7939    4634.0    0.000  0.584 3 -180  217
369 0  -65  100    -1  2      8332     561.9    2.145  0.067 3  -65  100
370 0  -65  100  2502  0      8961    5220.0    0.000  0.583 3 -226  204
371 0  -65  100  2502  0      8309    4816.0    0.000  0.580 3 -189  213
372 0  -65  100   950  0      2973    1746.0    0.000  0.587 2  -69  226
373 0  -65  100    -1  2      6490    1023.4    0.630  0.158 2  -65  100
374 0  -65  100   935  0      7037    4239.0    0.000  0.602 2 -162  218
375 0  -65  100   938  0      4548    2618.0    0.000  0.576 2  -93  225
376 0  -65  100  2477  0      3616    2123.0    0.000  0.587 1 -112  222
377 0  -65  100  2468  0      3683    2174.0    0.000  0.590 1 -117  221
378 0  -65  100  2468  0      6877    4171.0    0.000  0.607 1 -141  215
379 0  -65  100  2468  0      6057    3658.0    0.000  0.604 1 -158  217
380 0  -65  100  2067  0      7417    4403.0    0.000  0.594 0 -158  217
381 0  -65  100  2067  0      4271    2611.0    0.000  0.611 0  -99  225
382 0  -65  100  2067  0      4111    2394.0    0.000  0.582 0 -136  222
383 0  -65  100  2067  0      2723    1548.0    0.000  0.568 0 -101  223
